5.882915833465223177e-01 5.975869060891421114e-01 5.277953275585448578e-01 2.990182380045891541e-03 3.201705086220504315e-01
9.055236245884403790e-01 5.648267649458478257e-01 1.917496013540600508e-01 6.914766944148212913e-01 7.133843627755106498e-01
1.903195242379234209e-01 7.348699266768807803e-01 8.823425463687719628e-01 6.016319099638590684e-01 9.319872664003358009e-01
1.000240957240196016e-01 9.740273631244300567e-03 1.330009802623728365e-01 5.349959436133635560e-01 8.319877810073539326e-02
6.424643368188450721e-01 7.817887200167606965e-01 8.837266005869376384e-01 7.842086532554267686e-01 2.918891314240829038e-01
9.865977731322844724e-01 1.891472222450939489e-01 4.602633297331056861e-01 1.503232842070889586e-01 4.986437641974232893e-01
9.980498447064889422e-01 1.127312660481871731e-02 1.846961596120888505e-01 1.504465020787754126e-01 1.852897117258099913e-01
5.454809003910320309e-01 4.382138871603539210e-01 4.066934300127955648e-01 3.650959499889989690e-01 4.034757838170406341e-01
2.338684398979629098e-02 1.339605964780119507e-01 6.113886889732448315e-01 5.094746789801974929e-01 9.968227348382076025e-01
2.715083091954132444e-01 7.197640954122473955e-01 5.840821664862929641e-01 4.202574759794003301e-01 8.272035273829725366e-01
2.485160521212749218e-01 5.482666687831605490e-01 5.645967445829902509e-03 2.979424296385821958e-01 8.370348051735766459e-01
8.614887977261928009e-01 7.431302579902282490e-01 3.892600076117909147e-01 5.089505842704777905e-01 7.672628573261660589e-01
4.155889349904702268e-01 8.384967086625768617e-01 5.152286404359164296e-01 7.012345587603522334e-01 5.321397954814259812e-01
1.450107619297059669e-01 7.430999920365540801e-01 4.073531112439718882e-01 3.237431139339300712e-01 3.255446096371701348e-01
8.067552325815502412e-01 7.081150964178384299e-03 5.381295691031040551e-02 8.160050979568409524e-01 1.050887920366150308e-01
8.234128424759141751e-01 7.558123903621222217e-01 8.623680233136891138e-01 6.766000631510560304e-01 5.520840905446406932e-01
5.568169450314962576e-01 3.095731197182043370e-01 7.347552683186279188e-01 7.994137832459669024e-01 9.274221125799577692e-01
8.922753355080111914e-01 7.203613820115439825e-02 6.196801404879116459e-01 5.636893286864075314e-02 7.562725574836558495e-01
2.002659909793371718e-01 7.187897958362013950e-01 6.648477161456834983e-01 6.319613139116734279e-01 7.710980026047394853e-01
3.382419218093108970e-01 8.793077318442741319e-01 1.044152954377910447e-01 2.254280346752777220e-01 4.241789891882010721e-01
7.221859420268058605e-01 1.349952696491119042e-01 4.054224460589472834e-01 3.437895287580690074e-01 9.435216047259686878e-02
3.598225812387623179e-01 6.897800074854179009e-01 2.667909071174487945e-01 1.016157381456405107e-01 3.375519493311478492e-01
7.860312929456836351e-02 8.316324077442983631e-01 9.746100476174314187e-01 7.079373508055041286e-01 2.353780654120318783e-02
3.118458526209955117e-02 3.983571696914083304e-01 3.225636573900789728e-01 1.193620462798016257e-01 9.017957198913287842e-01
2.803929650209766589e-01 4.520419668417607895e-01 5.095155861485402005e-01 5.791014775471509113e-01 1.627246815927744228e-01
4.274277697843893442e-01 5.474437194578536392e-01 6.487767124247273420e-01 4.164655136269874713e-01 1.809625948166920795e-01
5.049147042984344358e-01 9.432102598001279592e-02 3.790793106500053300e-01 3.582792044983279522e-01 2.459977700917296284e-01
3.495283227282016680e-01 6.119772792721913657e-01 9.552607766345567741e-01 5.029923959119719790e-01 2.360148689582529657e-01
8.120500290518527509e-01 3.173432069209499717e-01 3.728278112315660531e-01 2.571561999168447965e-01 1.692498424717600036e-01
6.213782421036939674e-02 3.759789760105197720e-01 5.280077699185756757e-01 4.264261650382207280e-01 9.506957977501903079e-01
6.236248803357657966e-01 4.670456692886157946e-01 3.517102990006685248e-01 6.187084398246387451e-01 4.946564778220574610e-02
5.814941021902947371e-01 3.690683150638638388e-01 9.310514764478563521e-01 6.839890277638946969e-01 9.197318021114576636e-01
5.791453901387626502e-01 8.879763656555651474e-01 9.641103107082783508e-01 6.505656492540247138e-01 9.457607847636021470e-01
6.091134014687354936e-01 7.647365005321932196e-01 5.321949669493376556e-01 2.912558320775381349e-01 7.575052171676940338e-01
8.068255361926653935e-01 2.001188923146175469e-01 7.471250569295667665e-01 8.449875215181847921e-01 8.520865803642425629e-01
3.837494553050538881e-01 7.610706383277304754e-01 4.641073988657462568e-02 9.350116642836138192e-01 9.922819192351023387e-01
9.451202895249933844e-01 7.823746775626838623e-01 6.841871686069753711e-01 9.054697782889984392e-01 5.378752163387042762e-01
6.035656183254881624e-01 6.676576043260443738e-01 3.193367117567857960e-01 9.943266132734127627e-01 2.751201342713234244e-01
1.074949732177078454e-01 8.234866318930320617e-01 4.030171729249576451e-01 2.396087837465481485e-01 7.681968543283321793e-01
3.563841533318338195e-01 4.862949386496090431e-01 3.934147922616312298e-01 6.070920308461587034e-01 6.759547852951631741e-01
9.913768059722980475e-01 7.499845878147951561e-01 5.220037829109973604e-01 6.907170789791315935e-01 9.091920901221548501e-01
5.094994350048867027e-01 4.205905538950250877e-01 1.494280935825506029e-01 3.412800965129547670e-01 2.330728037409007802e-01
8.380617170495521240e-01 9.935035789961479402e-01 8.396656787748318918e-01 1.749864871706461322e-01 9.649854638424842923e-01
2.852407501167469883e-01 8.994832145803484114e-01 2.196275991812701722e-01 7.149434615159100392e-01 1.984893436049929294e-01
3.555129908170771014e-01 6.111562494561904035e-01 5.652659706304723475e-01 2.103109285583160126e-01 1.349555649995763940e-01
5.909549229054532615e-01 9.147487541897760810e-01 3.065414501688287219e-01 6.765416038793007347e-01 9.188796165407465688e-01
4.790604542462356674e-01 8.260062067186402235e-02 3.003429395197521057e-01 3.876720456796994840e-01 8.999762902425031408e-01
9.867019993681820367e-01 5.325300344481135317e-01 7.763959843305854314e-01 2.954479882612350838e-01 9.629153893735448166e-01
2.805271726473057559e-02 8.886838858369616734e-02 1.360841224830066087e-01 5.433076972568428031e-01 8.473257999806194096e-01
3.845419936868416100e-01 7.957168219053675218e-01 5.319969589601742932e-01 1.095967127899538651e-01 2.460866943950618113e-01
7.237673377895961213e-01 3.132558883143167217e-01 6.856523224843380504e-02 9.242627951976422063e-01 6.253474355720469724e-01
9.752071555048388296e-01 9.089707819750405537e-01 8.723866554554463582e-01 2.769021027448067551e-01 6.851104904985194644e-02
2.375919002964304028e-01 9.776971246375417701e-01 2.592774505018228259e-01 2.898653391667599388e-01 6.152716273738818575e-01
6.393489526079388918e-01 3.497940982521454689e-01 8.387403791782410689e-02 9.361405575364610820e-01 2.665725928339429673e-01
4.244907538815794190e-01 4.204389802022694411e-01 9.542550153426462289e-01 2.520649912594639108e-01 7.824341033191931638e-01
3.441378157318819575e-01 2.985883056809213176e-02 1.567661280295921111e-01 1.279670253432937388e-01 4.409112729926736307e-01
2.252228132969118501e-01 9.982512093829255528e-01 4.220947776336804180e-01 7.907547197686460860e-01 8.240316588858335178e-01
3.346941158139129513e-01 8.195758280477429825e-01 9.424808988373588603e-01 2.108687704522111961e-01 4.495869587252058208e-01
3.199283767446046145e-01 2.383220193669650655e-01 8.943846243858820655e-01 2.553484108401546937e-01 1.174134727555811164e-01
9.247704530631829511e-01 3.395516448690771849e-02 4.647084847762127380e-01 6.103335608317804750e-01 6.452187026042458529e-01
9.580890692147674415e-01 3.928821148072952907e-01 7.153329357163918933e-01 1.865357987428860609e-01 4.917089119747669601e-01
4.047217582725193274e-01 2.642240638298076760e-01 7.702551955246632609e-01 1.108471355268727532e-01 6.663571442285167734e-01
1.606404833681772670e-01 1.458839077371332227e-01 2.950100940721800402e-02 9.709027015735064436e-01 9.863316086868719745e-01
5.074762625535934601e-01 1.234807776872031138e-01 5.610102631511446614e-01 7.809652022877773270e-01 3.503010536188583268e-01
8.850976258696388044e-01 5.528437877078599128e-01 5.548677742157934745e-01 5.677332723852299701e-01 5.624639839994618473e-01
5.662855662458176065e-01 1.006791229078635164e-01 2.958472795061597438e-01 4.863455157892827563e-01 6.559970345851717788e-01
6.124984376233184591e-01 6.163243205932698032e-01 2.043738622016083584e-01 3.340476150194869875e-01 3.116617297082580063e-01
8.487212672217064879e-01 9.931311668653997060e-01 3.318041267961961971e-01 9.716088355655765341e-01 3.625662897949744057e-02
8.110314107118845595e-01 8.791376209595488378e-01 2.912328674279474061e-01 3.246620045665916665e-01 2.929141079844801432e-01
5.995769373725772233e-01 2.970268883018251094e-01 4.232909741778092538e-01 2.719699254578740177e-01 2.017790540188147963e-01
8.733319945621972336e-01 5.016995353713221695e-01 3.702890449549550711e-01 1.048520656262351691e-01 7.057796857558873427e-02
3.912157039893341404e-01 6.290121130476650224e-01 5.449512437843120338e-01 8.321596181008331650e-01 1.488830592187344593e-01
8.225253790026096912e-01 5.057331053032849688e-01 4.148998763054866368e-01 3.129027602922954676e-01 8.856433829343818287e-01
3.821917795239215820e-02 5.664179035626503156e-01 9.320835772520340567e-01 3.064729846355630505e-01 8.960334222612873489e-01
3.193018640244568163e-01 7.728876668888609025e-01 1.983380447648657174e-01 7.163295837477744454e-01 9.023586792618656371e-01
2.584873319764057209e-01 2.557527575929186003e-01 4.396110980964709203e-01 4.656007770623977748e-01 3.832126270273480406e-01
4.021014818742266739e-01 5.678613246581780682e-01 9.577587183414865146e-01 3.458924374514011912e-01 5.343080566616857929e-01
6.848317639193099993e-01 4.506154139017451987e-01 5.514461596943949218e-01 7.869760082769698961e-01 9.900442113828125112e-01
7.530978877921823411e-02 6.621284552260254808e-01 5.566439373170322114e-01 1.051835794996496265e-01 3.291710660672965139e-01
1.197086092738247620e-01 3.611916970629014401e-01 4.970774910152166992e-01 1.540728695102773216e-01 1.387629100182176112e-01
7.401130527007970805e-03 1.328710620359039307e-01 3.427719199341080492e-01 2.906927723152080700e-01 6.518544900589171576e-01
9.824539054695873297e-01 8.353339723999223532e-01 7.465124182036179112e-01 1.658464919116527936e-01 9.032856709355752134e-02
4.588751538444552081e-01 9.147314175707836892e-01 3.052057103236951452e-01 9.737941062214108268e-01 1.930826293751393141e-01
3.049854286084012767e-01 7.073442344797526982e-01 6.250065150873077569e-01 5.406769922564843567e-01 4.344865757650628879e-02
7.961474873123430829e-01 9.828145360400936115e-01 2.661553359057400314e-01 6.426202878023868914e-01 3.689226494066910611e-02
1.424951211782155003e-01 5.395245463239173311e-01 4.708669915858046950e-01 7.387868035359832497e-01 5.602164192891111449e-01
1.078702201039780650e-01 9.543587896563068274e-01 8.756149524350154145e-02 7.199583728252496595e-01 3.123362054126663789e-01
2.039848426603194653e-01 7.269067726887734615e-03 1.835517028769223513e-01 1.892902838389642906e-02 4.466536428116121282e-01
9.170932867766458108e-01 4.677000974274192480e-02 5.714355840306226675e-01 6.613810611532112693e-01 2.319101567051387036e-01
3.793145471226063714e-01 4.712446375427310485e-01 5.420132282718536088e-01 3.136977709638483214e-01 8.965135150814386167e-01
6.920722821607990793e-01 7.138796535654432507e-01 2.340195775881221962e-01 5.165753264696528735e-01 3.698226464718853412e-01
1.567650796263578838e-01 1.074309841984780745e-01 9.829873250783152105e-01 2.037613737672143710e-01 7.555738876090131173e-01
7.312691291665019966e-01 5.050814836758752424e-01 8.570683142847363989e-01 5.150905800592506800e-01 9.582663311913083293e-01
1.127064848409129461e-01 3.479783440721739840e-02 1.013186791217843830e-01 7.501898105136624029e-01 6.659803793860533672e-01
4.977154854912818616e-01 6.687605876096440749e-01 4.202718631676869432e-01 8.924559446342443803e-01 8.748363462010081415e-01
5.080928146704286608e-01 8.701113020279818144e-01 8.717287478597315342e-01 4.195812277139133739e-01 6.554182438447697656e-01
8.568691490208703021e-01 6.659672175310653586e-01 9.426811596432077556e-01 6.296519950134804589e-03 5.923092249128387721e-01
5.565470512837633610e-01 3.349683770715364828e-01 2.742744647619076437e-01 6.919615144228685732e-01 2.345906151161983866e-01
2.188142191869713038e-02 7.576310829263854796e-01 1.318766069060727242e-01 3.998485086719185677e-01 1.561335231231986143e-02
7.794188098515958396e-01 5.149433859134944225e-01 8.338723102362824990e-01 7.411555255850833523e-01 1.677504279551896849e-01
